0 0.701342 0.492256 0.029331 0.066350
1 0.582787 0.568985 0.038594 0.079604
0 0.841775 0.486790 0.022353 0.089550
0 0.892423 0.441784 0.026007 0.099646
0 0.787797 0.515179 0.022572 0.086895
2 0.440239 0.472574 0.019279 0.039335
0 0.609463 0.533570 0.016673 0.117884
0 0.623895 0.498943 0.012392 0.037456
0 0.575159 0.539663 0.129047 0.203073
0 0.579534 0.487585 0.122061 0.063462
0 0.852647 0.466738 0.048121 0.140610
0 0.268723 0.474517 0.202952 0.132060
0 0.780990 0.517892 0.043485 0.091773
0 0.220754 0.525231 0.014348 0.038900
0 0.946960 0.457515 0.019462 0.027204
2 0.579762 0.487371 0.122247 0.063636
2 0.527273 0.396176 0.224882 0.073111
2 0.538358 0.446696 0.030080 0.022515